10 44
00000000000000000000000000000000000000000000
0x           00000        1        22      0
0     111111       111111 1   1111 11 1111 0
0 11 131  11 00000 118911 1   1  1 11 1  1 0
0 11 121  11 00000 100011 1   1  1 1  1  1 0
0 11 1     1 11111 1   11 1   1  1 1  1  1 0
0 1  1  1  1 10000 1   11 1   1  1 1111 11 0
0 1 11     1 00000 111111 11111  111    11 0
0   11     1 11111                        y0
00000000000000000000000000000000000000000000
                                            
                                         +  
          *           @             @       
      +                                     
      @                                     
           *                       +      * 
  +                       *      @          
                                            
                  @                         
                                            