10 44
00000000000000000000000000000000000000000000
0x           11111        111      11      0
0   1111111  00000        111      22      0
0 11 1111111 00000 111111 111 1111 11 1111 0
0 11 1111111 00000 118991 111 1111 11 111  0
0 11 1     1 11111 100011 111 1111 1  1    0
0 8  1 111 1 00000 1   11 111 1111 1 11 1  0
0 1 11 111 1 00000 1   11 111 1111 1 11 11 0
0   11     1 11111 111111 111 1111   11 11y0
00000000000000000000000000000000000000000000
                                            
                                            
    @    +                  +               
      *                                 @   
                                    @       
   +                                        
                    +      *                
        @                        *      *   
               +                            
                                            